[{"objects":[{"name":"wall0","material":{"diffuse":[0.596078431372549,0.596078431372549,0.596078431372549],"ambient":[0.1,0.1,0.1],"specular":[0.8,0.8,0.8],"n":1000,"alpha":1,"shaderType":4},"type":"cube","position":[4,-1,-2],"scale":[1,4,10],"diffuseTexture":"./materials/plywood.jpg","normalTexture":"./materials/checkerNorm.jpg","rotation":[-0.22484509536615285,0.491295496433882,-0.8414709848078965,0,-0.9092974268256818,-0.4161468365471423,0,0,-0.3501754883740146,0.7651474012342927,0.5403023058681398,0,0,0,0,1],"collide":true,"parent":null,"model":null},{"name":"wall1","material":{"diffuse":[0.2,0.2,0.2],"ambient":[0.1,0.1,0.1],"specular":[0.8,0.8,0.8],"n":100,"alpha":1,"shaderType":3},"type":"cube","position":[-4,-1,-2],"scale":[1,4,10],"diffuseTexture":"./materials/plywood.jpg","normalTexture":null,"rotation":[0.9601702866503661,-0.2351200344400395,0.1509688379721748,0,-0.25407179352749965,-0.9595168949390662,0.12155184926693968,0,0.1162778756577269,-0.15506739738387249,-0.9810369809039405,0,0,0,0,1],"collide":true,"parent":null,"model":null},{"name":"yellowcube","material":{"diffuse":[1,0.9098039215686274,0],"ambient":[0.1,0.1,0.1],"specular":[0.8,0.8,0.8],"n":10,"alpha":1,"shaderType":1},"type":"cube","position":[-8,-0.5,-2],"scale":[1,1,1],"diffuseTexture":null,"normalTexture":null,"rotation":[1,0,0,0,0,0.5403023058681398,0.8414709848078965,0,0,-0.8414709848078965,0.5403023058681398,0,0,0,0,1],"collide":true,"parent":null,"model":null},{"name":"blueparent2","material":{"diffuse":[0.2,0.6,0.8],"ambient":[0.1,0.1,0.1],"specular":[0.8,0.8,0.8],"n":10,"alpha":1,"shaderType":1},"type":"cube","position":[1,0.20000000298023224,6],"scale":[1,1,1],"diffuseTexture":null,"normalTexture":null,"rotation":[1,0,0,0,0,1,0,0,0,0,1,0,0,0,0,1],"parent":null,"model":null},{"name":"darkred","material":{"diffuse":[0.00392156862745098,0.1411764705882353,0.9764705882352941],"ambient":[0.1,0.1,0.1],"specular":[0.8,0.8,0.8],"n":300,"alpha":1,"shaderType":1},"type":"cube","position":[2,0,-2],"scale":[5.0625,1,1],"diffuseTexture":null,"normalTexture":null,"rotation":[-0.4161468365471423,0.1283200602024569,0.9001976297355176,0,0,-0.9899924966004455,0.1411200080598674,0,0.9092974268256818,0.05872664492762105,0.41198224566568303,0,0,0,0,1],"collide":true,"parent":null,"model":null},{"name":"floorPlane","material":{"diffuse":[0.596078431372549,0.596078431372549,0.596078431372549],"ambient":[1,1,1],"specular":[0.1,0.1,0.1],"n":1,"alpha":1,"shaderType":4},"type":"plane","position":[-5,-1.5,-6],"scale":[50,1,50],"diffuseTexture":"./materials/default.png","normalTexture":"./materials/concreteBricks.jpg","rotation":[1,0,0,0,0,1,0,0,0,0,1,0,0,0,0,1],"parent":null,"model":null},{"name":"salmonCube","material":{"diffuse":[0.5568627450980392,0.17254901960784313,0.17254901960784313],"ambient":[1,1,1],"specular":[0,0,0],"n":10.000002,"shaderType":1,"alpha":1},"type":"cube","position":[14,4,0],"scale":[7.59375,7.59375,11.390625],"diffuseTexture":null,"normalTexture":null,"rotation":[1,0,0,0,0,-0.41614681482315063,0.9092974066734314,0,0,-0.9092974066734314,-0.41614681482315063,0,0,0,0,1],"collide":false,"parent":null,"model":null},{"name":"greencube","material":{"diffuse":[0.011764705882352941,0.5215686274509804,0.07450980392156863],"ambient":[1,1,1],"specular":[0,0,0],"n":10.000002,"shaderType":1,"alpha":1},"type":"cube","position":[7,0,0],"scale":[1,1,1],"diffuseTexture":null,"normalTexture":null,"rotation":[1,0,0,0,0,1,0,0,0,0,1,0,0,0,0,1],"collide":false,"parent":null,"model":null},{"name":"defaultcube","material":{"diffuse":[0.5882,0.5882,0.5882],"ambient":[1,1,1],"specular":[0,0,0],"n":10.000002,"shaderType":1,"alpha":1},"type":"cube","position":[-3,0,0],"scale":[1,1,1],"diffuseTexture":null,"normalTexture":null,"rotation":[1,0,0,0,0,1,0,0,0,0,1,0,0,0,0,1],"collide":false,"parent":null,"model":null},{"name":"testPlane","material":{"diffuse":[0.011764705882352941,0.10588235294117647,0.9372549019607843],"ambient":[1,1,1],"specular":[0,0,0],"n":10.000002,"shaderType":1,"alpha":1},"type":"plane","position":[-34,-1.5,4],"scale":[57.6650390625,1,57.6650390625],"diffuseTexture":null,"normalTexture":null,"rotation":[1,0,0,0,0,1,0,0,0,0,1,0,0,0,0,1],"collide":false,"parent":null,"model":null}],"pointLights":[{"colour":[1,1,1],"position":[7,5,0],"strength":3,"quadratic":0.035,"linear":0.09,"constant":1}],"directionalLights":[],"settings":{"backgroundColor":[0.5,0.5,0.5]}}]